100
9963.13 6046.22
-2309.51 -1183.55
7596.01 4651.31
6879.21 4228.91
2775.53 1810.67
8353.69 5097.80
5708.81 3539.21
-2247.11 -1149.10
2020.65 1365.83
7940.97 4854.59
3748.81 2384.21
-5990.15 -3354.82
7898.97 4829.84
-8848.95 -5039.47
-454.55 -92.77
-9791.43 -5594.86
-3341.91 -1794.25
7139.61 4382.36
7633.53 4673.42
-2510.87 -1304.53
2296.17 1528.19
3723.05 2369.03
-8097.99 -4596.94
3962.17 2509.94
-8994.55 -5125.27
-7159.99 -4044.19
-3255.11 -1743.10
94.81 230.96
-4525.19 -2491.54
-3556.95 -1920.97
2507.85 1652.93
-8876.95 -5055.97
-891.91 -350.50
8510.49 5190.20
-8256.47 -4690.33
711.37 594.29
4970.49 3106.45
-989.91 -408.25
3635.69 2317.55
2074.41 1397.51
-344.79 -28.09
-9589.51 -5473.55
6240.25 3852.38
-566.55 -158.77
-173.99 72.56
-2086.95 -1054.72
-8574.55 -4877.77
857.53 680.42
-4753.11 -2625.85
-984.87 -405.28
-9634.07 -5502.13
993.61 760.61
-8009.51 -4544.80
6699.45 4122.98
4360.89 2744.90
-1106.39 -476.89
5711.05 3540.53
3764.49 2393.45
4909.69 3068.30
-4665.75 -2574.37
7919.13 4841.72
3224.09 2075.00
2186.41 1463.51
808.25 651.38
4854.25 3035.63
-8669.75 -4933.87
-7343.67 -4152.43
4284.17 2699.69
7047.77 4328.24
-5200.55 -2889.52
369.77 392.99
-6737.75 -3795.37
-517.83 -130.06
-6790.39 -3826.39
-1955.91 -977.50
-9005.19 -5131.54
2899.85 1883.93
6129.93 3787.37
-4704.95 -2597.47
6659.13 4099.22
-2785.83 -1466.56
-6825.11 -3846.85
5237.85 3261.68
-4313.51 -2366.80
4573.13 2869.97
-8797.43 -5009.11
-3131.35 -1670.17
-1528.07 -725.38
9283.85 5645.93
-4457.43 -2451.61
-8077.83 -4585.06
5287.69 3291.05
3758.33 2389.82
-1636.15 -789.07
8924.89 5434.40
3326.01 2135.06
-8621.03 -4905.16
2713.37 1774.04
-2193.35 -1117.42
9557.69 5807.30

