100
4247.77 2678.24
-7083.27 -3998.98
-884.07 -345.88
7153.05 4390.28
7556.25 4627.87
-4079.43 -2228.86
5964.17 3689.68
-3337.43 -1791.62
6004.49 3713.45
-2537.19 -1320.05
9871.85 5992.43
2374.57 1574.39
-6630.79 -3732.34
3938.09 2495.75
7064.57 4338.13
4394.49 2764.70
4749.53 2973.91
-5946.47 -3329.08
-9649.19 -5511.04
6076.17 3755.68
1935.53 1315.67
2117.53 1422.92
3669.85 2337.68
-9051.67 -5158.94
8568.17 5224.18
5053.61 3153.10
229.77 310.48
4255.61 2682.86
-3978.63 -2169.46
3485.05 2228.78
-5547.75 -3094.12
9680.89 5879.90
-9321.59 -5317.99
-4252.47 -2330.83
148.01 262.30
-6207.99 -3483.20
-539.67 -142.93
-9199.51 -5246.06
-3817.35 -2074.42
-3406.87 -1832.53
-1720.15 -838.57
-6005.27 -3363.74
9853.37 5981.54
4970.49 3106.45
6680.41 4111.76
-7672.95 -4346.47
-9595.43 -5479.36
-1246.95 -559.72
7575.85 4639.43
7976.81 4875.71
7634.09 4673.75
5261.37 3275.54
1653.85 1149.68
7871.53 4813.67
249.37 322.04
-2491.27 -1292.98
3085.21 1993.15
1044.01 790.31
-985.99 -405.95
-8952.55 -5100.52
-3270.79 -1752.34
8904.17 5422.18
9105.21 5540.66
-9589.51 -5473.55
-9628.47 -5498.83
-1215.59 -541.24
-7373.91 -4170.25
-1452.47 -680.83
6495.61 4002.86
-1777.83 -872.56
-8211.11 -4663.60
-2442.55 -1264.27
-9887.75 -5651.62
-8726.31 -4967.20
9727.37 5907.29
7519.85 4606.43
-3858.23 -2098.51
-6178.31 -3465.71
-1303.51 -593.05
-4387.99 -2410.70
6865.21 4220.65
-2309.51 -1183.55
2300.65 1530.83
448.73 439.52
3495.69 2235.05
714.17 595.94
3242.01 2085.56
5585.05 3466.27
-6901.83 -3892.06
-5461.51 -3043.31
-5804.23 -3245.26
-6542.31 -3680.20
-5441.91 -3031.75
-9226.39 -5261.89
-3444.39 -1854.64
-2855.27 -1507.48
-2170.95 -1104.22
-6846.95 -3859.72
-2951.03 -1563.91
-5409.99 -3012.95

