99 90
59 78 60 62 86 72 31 96 91 71 17 95 69 42 53 51 61 27 64 73 63 79 28 1 18 82 67 65 58 8 47 24 2 92 13 94 98 81 19 54 99 80 74 21 35 16 38 77 89 39 66 29 40 88 44 87 34 56 43 55 45 10 6 76 46 26 70 22 85 36 97 4 9 14 25 20 52 32 48 12 68 57 33 75 11 90 50 23 41 7 30 5 15 37 49 93 84 3 83
79 71 38 89 93 43 87 5 42 13 77 81 10 3 27 28 39 12 2 96 15 45 23 88 94 60 78 24 67 64 83 66 99 44 37 95 18 11 98 48 41 35 52 68 61 40 82 50 8 72 32 74 31 55 14 63 91 90 76 59 6 54 36 53 34 29 84 17 30 57 85 49 86 97 65 47 20 16 4 19 7 62 56 25 33 73 21 58 69 75 46 22 26 80 51 92 9 1 70
16 53 3 31 70 51 11 30 66 61 1 58 83 68 76 71 5 78 28 99 8 25 91 48 43 64 47 97 41 75 7 17 46 52 59 69 15 95 40 98 37 14 96 22 36 82 19 20 34 45 65 23 42 6 74 62 13 44 33 57 87 39 94 73 32 24 55 50 79 49 12 86 38 67 27 54 92 89 84 77 93 2 80 60 56 26 88 21 10 18 90 29 72 35 9 4 63 81 85
20 10 11 14 56 64 54 94 58 70 37 82 67 1 50 62 74 88 32 18 45 60 47 59 39 96 22 89 63 40 9 79 12 35 55 19 25 80 21 90 75 24 31 51 81 13 6 73 44 49 69 33 34 43 93 8 23 16 92 97 26 68 71 36 53 52 42 46 91 65 29 78 30 15 72 98 85 66 95 84 27 48 17 7 5 41 4 87 57 28 99 83 61 86 38 3 77 2 76
21 81 13 63 54 55 66 90 4 56 72 50 76 80 65 57 53 77 48 30 88 11 58 92 91 28 70 59 89 26 16 61 45 15 46 71 95 39 75 47 64 74 2 86 41 37 62 22 96 5 17 78 84 85 7 94 69 27 34 19 42 60 31 97 52 40 99 12 9 10 25 44 51 24 20 38 87 3 8 32 98 18 35 33 29 82 83 73 36 43 23 93 14 68 79 1 49 67 6
6 74 26 77 24 83 61 63 76 41 12 44 88 50 79 22 56 80 66 75 95 81 31 82 16 37 85 52 36 45 67 5 39 32 29 97 89 93 3 7 73 94 43 92 87 71 23 91 62 51 25 55 69 35 1 47 84 49 59 11 4 96 90 20 40 33 38 86 60 48 58 21 14 57 70 2 53 10 54 65 72 9 98 30 34 8 17 13 15 99 18 46 19 64 78 68 42 27 28
74 7 80 75 32 3 89 58 9 14 2 77 62 24 64 45 18 54 61 34 72 6 65 90 12 4 92 67 5 42 19 70 31 66 16 63 87 48 69 68 78 38 30 15 56 95 13 39 98 25 41 37 60 79 21 76 43 36 20 52 82 27 93 35 55 46 97 44 57 96 94 17 71 51 1 91 83 86 99 29 28 85 73 49 47 88 11 40 50 81 53 33 84 22 10 23 8 26 59
64 26 6 85 90 27 29 70 33 8 86 66 39 22 89 63 67 42 36 15 11 72 61 41 68 78 7 25 54 17 92 31 69 99 60 49 93 83 47 97 38 23 82 75 21 46 10 3 59 74 5 65 28 16 50 53 77 76 14 51 13 19 58 12 62 34 44 40 80 81 73 9 57 1 94 37 56 91 45 52 71 4 43 35 96 95 87 84 48 30 55 18 88 98 20 24 32 79 2
54 23 66 42 7 37 24 38 26 15 27 87 28 60 9 46 96 74 73 55 59 99 20 18 50 16 77 39 83 67 35 44 25 33 90 98 82 8 78 91 89 31 61 10 34 65 93 64 79 94 19 32 41 29 2 17 52 86 5 4 76 81 84 69 22 1 3 95 56 51 36 58 80 13 53 45 47 75 88 49 40 68 72 97 12 85 30 11 6 21 43 62 70 57 92 14 71 48 63
52 31 70 45 2 78 68 88 28 85 47 93 55 9 56 15 73 84 35 74 1 39 96 99 29 69 12 14 40 21 18 38 17 59 27 11 3 41 87 92 24 71 49 76 89 60 42 33 43 37 58 91 46 81 90 44 66 6 94 16 25 98 51 13 97 95 82 65 67 50 79 19 64 5 7 10 80 54 30 4 86 83 48 23 53 20 72 63 75 62 32 26 77 61 22 57 36 8 34
91 37 35 9 92 87 38 34 17 20 81 80 65 23 13 95 97 82 1 27 26 21 2 36 74 57 88 8 30 62 25 76 22 63 44 16 99 94 86 55 10 78 71 48 90 68 66 60 12 19 84 50 56 72 52 75 7 93 61 40 98 14 53 79 3 6 47 5 69 64 31 32 15 41 11 70 96 85 83 18 29 58 59 28 39 43 54 49 46 4 89 51 45 67 73 33 24 77 42
27 9 83 99 43 79 75 67 35 52 69 33 47 82 90 5 1 87 45 53 66 78 93 17 30 12 86 13 48 50 97 25 34 73 58 28 8 77 37 81 60 92 64 91 26 23 40 62 18 15 88 51 36 70 24 84 55 98 65 6 96 21 41 95 89 7 4 76 49 2 38 46 74 3 54 42 16 19 56 63 57 61 94 85 72 10 20 31 68 80 39 59 71 32 29 44 22 14 11
25 19 22 4 78 58 2 13 41 11 92 91 26 37 95 67 33 69 46 80 94 62 56 10 73 39 52 43 16 74 63 72 15 96 23 34 6 20 27 88 36 17 42 55 18 48 60 93 90 84 49 79 53 12 64 77 83 28 35 82 8 51 85 70 76 71 30 47 87 29 86 65 24 81 68 59 99 1 21 9 89 75 31 14 7 50 32 54 98 45 38 97 3 44 61 5 40 57 66
44 21 93 24 72 62 12 33 57 39 30 37 32 73 71 11 23 13 14 5 9 63 86 67 36 2 69 85 76 53 82 20 8 91 77 84 4 90 55 96 16 54 50 70 43 35 64 80 31 52 75 46 99 10 48 89 6 87 27 38 34 95 81 92 49 41 61 78 19 66 59 68 98 18 26 22 1 60 74 17 83 94 3 79 88 25 97 45 58 40 42 28 47 51 56 7 15 65 29
96 29 48 1 14 18 77 43 98 51 63 52 40 62 23 24 30 93 74 11 80 36 81 13 32 25 19 33 49 85 60 92 37 28 65 50 26 42 34 76 22 16 5 8 64 38 41 90 97 87 67 94 66 3 9 39 10 91 7 84 68 53 35 45 95 54 21 55 75 12 72 2 78 89 15 71 57 31 6 86 59 79 58 17 20 44 99 46 47 88 56 61 69 4 70 83 73 82 27
3 1 7 92 21 86 51 56 54 34 32 94 91 87 4 76 19 67 41 71 23 27 53 61 83 30 72 47 45 81 24 9 66 55 8 42 73 43 58 50 74 37 13 96 40 89 84 14 46 12 44 48 11 93 68 88 2 60 52 95 69 15 33 28 65 85 5 6 39 17 80 64 79 10 82 97 75 59 16 99 62 36 78 70 18 49 90 98 38 35 20 25 29 31 63 77 57 22 26
99 40 25 83 52 65 13 21 67 88 50 38 45 12 72 26 66 43 30 37 82 47 46 14 51 86 6 17 59 61 8 77 96 56 63 91 75 85 90 35 69 29 93 36 42 74 76 78 81 58 18 84 70 28 94 23 53 33 48 98 24 64 4 27 68 11 32 3 97 87 54 39 16 19 9 7 71 44 73 41 2 92 10 20 89 22 95 15 80 57 60 34 49 1 5 55 62 31 79
58 49 67 94 36 53 62 91 21 43 38 79 70 27 20 29 40 66 7 45 30 98 80 54 19 35 55 9 47 93 34 63 4 71 96 1 83 23 59 41 90 57 32 17 48 73 50 97 42 95 37 82 68 5 81 28 65 88 6 78 61 84 2 89 39 92 26 24 86 74 10 8 33 56 52 85 60 64 44 22 25 69 13 15 16 75 14 18 11 51 72 12 46 87 31 76 3 99 77
15 99 27 44 51 16 86 68 45 30 25 41 35 32 69 18 52 22 12 4 87 74 82 46 13 10 83 20 21 65 54 58 28 98 2 70 36 33 97 66 80 40 19 29 79 24 96 55 47 67 11 38 94 61 63 91 39 95 3 75 93 73 42 17 50 56 81 1 14 6 53 88 31 78 8 26 77 23 71 76 5 60 7 64 84 48 89 59 49 34 92 85 37 43 90 62 72 9 57
17 42 8 58 11 38 5 18 44 31 41 40 85 77 52 25 6 32 43 82 21 33 88 68 56 89 51 81 22 39 1 50 53 94 30 45 57 96 65 28 79 10 12 66 7 27 99 71 83 20 92 75 16 13 60 24 64 23 9 14 97 35 86 46 91 98 80 4 84 26 3 70 95 87 62 72 19 37 47 2 69 93 29 63 73 78 74 90 55 15 34 76 48 54 59 67 61 49 36
50 33 94 38 20 23 63 22 12 96 34 5 59 8 57 4 10 46 85 66 77 97 7 30 86 42 29 51 70 91 72 80 3 89 32 9 31 15 56 53 17 45 76 11 75 14 44 24 78 79 90 52 48 95 54 67 98 40 60 21 65 82 61 6 71 81 2 74 73 62 47 99 35 28 64 18 55 43 58 26 88 27 19 68 83 16 13 25 37 84 93 36 92 69 41 49 87 39 1
46 3 81 30 42 21 59 64 49 89 14 71 50 94 68 31 15 33 86 76 83 37 72 79 93 66 95 99 78 43 56 7 11 45 34 58 54 28 4 87 61 84 27 69 98 51 5 70 10 2 52 16 6 63 18 41 80 12 1 20 22 9 88 24 92 60 35 8 13 97 74 26 62 32 91 77 23 90 82 47 17 40 39 48 19 67 44 29 65 85 75 73 57 36 25 53 96 55 38
62 34 85 95 50 70 3 29 7 47 44 51 30 90 54 53 13 52 8 41 18 86 78 77 24 91 64 57 1 5 6 16 74 11 83 82 32 31 36 19 33 15 79 61 65 88 28 58 80 92 40 89 4 49 75 71 67 39 66 99 27 43 68 96 2 20 9 14 26 69 98 55 45 94 93 46 12 21 81 25 56 73 37 84 97 87 76 72 23 10 63 35 42 60 48 38 17 59 22
29 89 33 51 16 47 14 41 36 63 18 35 27 6 19 40 8 15 53 67 58 68 5 34 10 50 11 46 72 24 95 13 81 62 99 48 2 37 54 22 94 66 85 98 73 76 25 96 3 86 20 69 43 90 65 83 74 52 79 7 39 57 92 77 12 78 23 32 44 82 4 97 75 71 88 31 45 17 42 28 30 21 64 87 38 61 55 60 93 26 9 1 59 49 91 80 70 56 84
1 47 64 5 74 90 19 71 2 18 89 62 73 97 86 17 21 59 77 6 84 12 40 11 69 8 66 92 24 35 38 67 44 58 31 30 41 46 94 57 96 95 70 88 91 4 32 15 60 53 81 22 39 14 45 98 75 54 99 3 50 20 79 87 82 83 33 68 23 34 52 43 63 26 10 76 37 48 65 51 13 29 36 80 25 93 7 85 56 42 28 49 78 72 16 27 55 61 9
51 87 20 21 28 35 43 7 68 3 49 26 74 17 46 42 59 47 67 40 48 92 66 71 2 73 18 30 56 27 55 33 94 14 82 99 34 69 25 78 98 39 58 9 38 83 63 72 5 41 80 85 77 45 76 81 8 22 93 53 23 11 54 91 96 70 89 15 37 75 57 31 19 79 61 13 32 12 64 6 24 65 62 1 86 36 60 50 16 44 97 84 90 52 88 95 29 10 4
14 57 18 90 87 6 92 40 85 76 29 42 63 38 98 73 51 4 24 78 56 77 10 55 15 83 35 53 28 34 86 62 47 48 45 25 13 5 82 61 7 65 26 32 20 59 49 8 27 99 2 64 96 41 22 33 81 58 67 74 60 3 23 11 16 89 68 72 50 19 43 84 44 31 79 75 95 71 1 97 80 52 93 37 36 66 91 94 70 17 69 30 54 9 21 12 39 46 88
89 54 90 34 57 2 50 83 38 72 43 29 3 88 67 33 20 64 31 84 41 7 17 9 52 32 10 94 14 28 15 71 61 22 98 37 56 65 81 74 87 60 48 95 63 70 45 86 26 73 1 8 18 78 47 21 76 46 62 42 66 25 19 93 23 5 69 77 11 40 92 91 68 53 80 27 79 36 35 85 82 30 55 12 6 58 51 44 13 59 24 96 99 75 97 39 4 16 49
43 64 55 33 67 48 9 42 50 38 94 24 14 91 11 72 12 86 16 57 31 90 60 78 8 5 84 3 32 52 85 21 87 97 4 18 79 6 73 46 15 53 99 20 10 7 58 74 13 30 59 62 65 17 29 95 56 68 71 81 19 49 63 83 51 25 39 75 76 80 40 28 77 23 44 34 26 35 27 1 96 47 66 22 41 54 70 93 92 2 98 37 36 88 45 82 69 89 61
94 73 65 87 6 7 20 51 90 81 76 14 17 89 55 50 49 97 98 39 19 26 34 15 92 63 61 82 29 9 23 69 40 3 22 13 37 71 57 31 88 18 38 5 45 36 46 48 58 91 86 4 79 27 43 35 93 25 8 32 16 30 75 54 67 44 28 62 2 21 78 95 70 85 66 11 64 42 77 33 41 72 60 74 80 84 12 83 59 1 68 52 53 96 99 47 56 24 10
68 82 52 65 33 59 72 60 61 40 73 84 38 30 49 39 9 29 70 24 75 3 94 44 54 93 71 41 55 90 42 87 57 23 25 15 12 91 53 1 58 4 97 45 22 79 85 37 99 63 21 92 32 36 56 48 88 64 19 34 31 13 66 74 6 35 7 96 89 14 28 50 83 20 78 51 11 76 2 80 77 46 47 26 98 86 62 69 95 16 8 67 10 5 27 18 43 17 81
37 20 23 27 98 40 36 87 99 92 71 69 5 41 61 52 43 8 75 79 93 84 4 22 89 44 63 56 46 57 58 12 16 86 21 2 91 73 10 65 54 77 11 3 14 1 78 32 68 7 48 90 19 18 25 34 59 55 64 80 94 31 38 82 24 50 45 66 72 13 30 67 76 9 83 62 81 96 70 15 95 51 97 6 60 42 85 33 29 74 49 39 28 26 35 17 47 88 53
81 14 4 91 96 98 97 48 32 90 79 34 44 65 66 19 93 55 54 51 89 15 12 6 33 45 30 69 92 88 2 84 77 74 35 41 60 22 38 27 18 67 20 16 71 53 73 82 57 83 8 24 13 52 11 70 42 10 36 31 78 80 9 23 64 3 85 87 99 25 61 94 72 29 63 58 49 50 37 56 21 5 1 76 28 47 86 43 39 68 59 95 40 46 7 26 75 62 17
55 96 78 3 19 9 1 50 79 82 74 11 58 36 6 41 62 39 23 77 46 42 84 91 7 70 93 28 86 94 30 68 24 88 38 76 33 2 95 56 48 81 54 97 51 72 17 44 92 35 4 71 59 57 32 16 22 63 53 83 20 34 26 61 14 18 40 37 66 43 89 45 5 65 98 67 15 49 31 69 90 8 99 73 85 27 47 12 25 13 10 21 75 29 52 64 60 87 80
24 51 61 7 46 71 35 80 20 23 93 73 96 59 47 3 32 72 84 19 65 8 89 83 62 76 2 4 13 77 50 42 90 87 1 38 17 70 12 26 67 56 66 85 31 5 94 40 55 34 45 30 21 15 86 68 48 43 97 41 11 79 69 88 99 22 14 25 64 52 39 18 10 54 49 28 98 92 63 16 53 6 81 58 75 60 37 74 44 36 82 91 9 27 57 29 78 33 95
60 24 9 49 38 22 7 14 94 66 6 78 43 83 41 21 35 11 26 59 68 96 51 50 17 74 48 95 19 31 3 2 97 40 39 55 77 36 99 42 27 91 37 72 30 10 54 85 93 80 12 76 29 87 53 56 5 8 84 23 57 75 45 25 18 58 79 92 4 46 71 52 81 63 90 82 61 33 86 34 73 32 89 98 64 13 67 65 28 47 44 88 20 16 62 15 1 70 69
65 50 17 43 71 46 48 8 70 55 52 92 20 95 3 35 58 56 18 49 25 34 64 93 79 23 76 1 12 89 36 27 59 51 61 53 45 57 32 44 2 82 98 67 99 87 72 63 6 54 33 96 37 75 31 60 28 21 24 73 77 91 62 15 69 14 16 81 10 94 90 47 39 7 22 29 13 78 66 11 26 84 40 83 68 30 41 19 4 5 88 9 80 38 74 86 85 42 97
71 55 76 86 3 12 46 24 75 6 65 70 60 64 1 56 92 45 33 69 98 83 62 80 67 48 38 44 25 36 20 99 82 19 72 96 52 63 39 73 57 87 22 89 11 66 51 4 7 97 61 31 9 8 77 29 49 15 23 27 43 50 18 59 54 74 78 79 21 95 42 41 13 68 35 17 90 30 14 88 85 34 28 47 2 5 81 26 53 91 16 58 32 10 93 84 37 94 40
53 52 32 25 13 30 73 98 83 21 33 72 36 31 80 61 86 3 5 28 22 54 43 2 37 49 59 79 57 48 62 89 29 70 12 56 50 9 66 23 39 76 17 4 94 67 20 46 15 69 35 81 75 40 27 78 11 41 95 91 99 85 34 16 58 84 65 93 8 71 18 14 87 74 47 63 97 55 90 45 42 64 68 38 44 92 77 1 96 82 19 6 24 7 26 88 10 51 60
75 17 59 97 76 8 18 12 78 16 46 55 89 99 22 92 47 26 72 91 6 29 21 39 98 36 42 70 44 38 73 83 13 30 57 77 9 66 88 51 4 41 86 37 54 49 33 53 11 93 82 25 1 65 80 31 32 35 85 63 10 7 28 14 87 69 95 48 34 24 96 74 56 2 60 50 68 61 43 58 19 71 20 5 90 81 79 52 67 64 3 45 27 15 94 40 23 84 62
72 45 21 11 83 95 39 37 81 93 10 99 22 16 62 23 7 76 65 52 51 91 71 74 57 17 46 19 66 25 61 82 92 42 47 64 5 14 2 85 12 96 53 24 59 63 87 28 20 33 77 36 80 97 73 86 50 26 89 13 67 44 60 84 1 9 8 56 54 38 34 75 3 69 4 68 35 88 41 43 58 70 18 55 30 32 48 78 90 49 15 98 79 94 40 6 27 29 31
39 68 41 60 34 52 28 79 29 95 64 63 77 92 81 99 75 98 76 35 4 80 85 69 38 33 89 83 84 70 57 56 5 21 18 14 24 26 30 67 72 61 65 62 96 2 9 17 22 42 94 58 50 1 6 12 46 59 49 48 7 45 55 78 37 32 27 88 74 23 44 3 20 40 19 66 25 8 53 93 87 15 90 31 10 91 43 86 82 97 36 13 16 73 54 11 51 71 47
33 70 54 61 1 41 82 28 60 32 23 36 92 21 35 74 46 2 79 68 43 51 37 12 85 99 44 16 7 73 94 18 65 24 71 26 10 72 31 5 19 83 88 84 47 52 77 56 76 13 63 14 30 42 57 96 86 67 39 29 40 58 17 64 15 97 91 89 55 9 20 80 49 4 87 48 78 27 25 66 81 90 22 11 62 34 93 95 3 6 45 75 38 53 69 59 50 98 8
63 86 69 70 18 85 49 99 11 37 4 6 15 75 2 38 89 95 40 29 24 44 36 21 53 88 62 42 33 79 64 10 55 61 54 47 59 67 68 8 77 34 57 1 58 90 26 76 14 3 7 83 27 32 97 13 35 74 12 72 73 28 48 31 93 30 52 45 25 56 17 23 84 98 16 5 43 9 80 20 51 78 87 65 50 39 82 91 81 92 22 19 41 66 46 96 94 60 71
86 12 53 6 94 29 37 57 10 27 68 32 2 58 51 34 50 85 17 26 78 16 49 72 47 13 4 15 90 84 11 35 14 67 24 66 71 74 7 9 97 19 83 87 55 56 98 88 48 8 76 80 64 59 38 73 82 79 69 5 28 63 99 30 41 75 31 60 45 39 77 22 61 96 40 89 91 62 52 70 3 42 46 93 95 18 23 36 1 25 65 92 43 81 33 20 21 44 54
8 38 96 2 82 25 6 4 86 59 16 19 84 79 21 47 68 60 34 10 3 49 27 94 88 14 75 37 53 33 93 26 76 65 42 24 35 56 11 43 29 44 15 99 12 81 70 95 73 36 50 61 72 9 85 5 97 89 91 87 92 77 67 55 78 51 46 83 58 45 41 57 22 66 32 80 69 39 7 98 23 63 71 18 1 74 40 62 17 54 52 31 13 28 30 48 64 20 90
73 41 43 32 58 96 30 23 25 62 67 90 6 14 10 87 63 37 21 33 53 64 59 45 72 84 39 71 3 95 81 57 89 76 80 61 48 50 22 2 35 49 8 93 83 31 29 12 91 65 79 99 97 51 98 15 70 85 77 69 56 36 16 34 60 86 66 18 88 7 26 38 27 17 75 19 4 11 13 78 1 55 52 9 54 68 5 28 24 46 47 82 44 74 42 94 92 40 20
69 2 45 52 22 56 44 46 72 79 35 85 86 53 18 7 55 40 82 89 16 57 92 76 5 90 65 84 60 14 28 29 50 43 81 31 64 27 83 12 11 6 51 63 39 93 61 25 74 47 42 68 33 67 99 32 15 38 87 36 41 48 59 80 19 23 20 98 78 37 88 77 8 21 71 9 3 70 49 91 75 24 26 34 4 94 58 17 30 66 13 10 1 62 95 54 97 73 96
9 25 14 68 8 28 22 19 40 33 90 12 66 85 87 83 16 30 3 70 64 46 35 95 34 1 32 74 79 59 69 48 54 80 75 20 65 99 26 10 84 72 92 77 49 6 15 47 24 61 73 2 58 31 41 52 51 96 86 71 89 76 13 5 11 27 98 57 82 42 81 29 37 60 18 88 38 4 94 62 67 53 21 36 23 56 63 97 43 50 91 78 7 17 39 45 44 93 55
38 98 73 80 95 15 40 59 47 5 36 2 64 63 25 49 65 21 19 94 32 4 18 24 71 52 43 87 31 58 91 8 75 17 92 85 88 13 14 77 53 97 7 50 1 29 27 34 41 62 55 12 26 60 39 10 79 20 37 90 54 83 3 86 48 57 67 9 68 76 82 51 46 61 99 96 74 6 28 44 66 16 69 45 35 11 78 22 89 70 81 42 93 23 84 56 30 72 33
87 72 75 16 40 26 55 61 84 10 66 27 99 70 48 81 45 79 96 14 38 22 68 32 6 56 82 11 95 23 49 28 51 9 85 57 43 98 1 37 42 64 39 47 77 58 74 31 21 44 15 13 86 2 33 19 62 3 18 67 88 89 20 71 80 4 90 34 94 41 7 83 50 59 73 35 5 65 69 36 52 17 12 29 63 97 25 8 54 60 76 24 30 92 53 78 46 91 93
40 43 51 29 41 36 23 73 53 58 55 89 81 13 91 75 83 9 6 50 61 82 19 70 22 95 57 32 71 54 68 97 79 7 33 59 1 21 80 52 20 2 78 60 44 3 16 67 77 24 38 27 17 74 92 46 99 45 96 15 62 87 47 65 42 90 12 28 31 18 84 35 94 93 30 49 63 72 98 5 39 56 25 86 69 4 66 10 8 48 26 64 34 14 11 85 88 76 37
10 61 29 79 63 91 21 11 65 17 98 88 37 76 7 6 27 23 15 13 69 66 83 75 14 55 40 18 38 30 5 36 56 1 62 90 72 82 52 64 28 93 24 81 19 41 86 68 35 48 53 73 22 47 8 45 60 80 16 54 95 32 97 4 59 77 49 71 20 89 46 25 34 99 51 3 33 67 87 42 31 12 57 94 26 9 96 70 84 78 50 43 2 39 85 74 58 92 44
67 85 57 84 9 54 56 6 22 24 26 74 53 33 39 55 98 48 93 46 47 61 38 27 70 79 99 50 88 78 45 60 63 12 94 40 69 51 18 83 21 89 29 58 95 28 4 87 16 66 10 7 82 76 96 36 30 11 41 68 80 90 77 44 5 19 73 20 42 35 62 71 59 91 34 86 8 81 75 3 64 1 2 13 49 52 92 14 32 72 25 17 97 65 15 43 31 37 23
88 46 72 93 65 89 60 20 34 98 8 56 75 4 14 12 70 24 52 38 62 35 33 51 25 9 54 48 87 37 59 53 91 64 69 78 28 84 79 82 50 7 1 49 68 85 30 83 61 17 47 95 3 39 10 55 27 5 90 44 32 67 29 57 73 94 6 42 22 16 13 76 2 58 77 81 66 15 36 71 63 31 41 92 99 40 18 96 74 11 80 86 23 45 43 21 26 97 19
11 59 62 8 64 94 69 78 63 53 24 39 97 5 26 91 88 58 10 36 40 85 25 33 3 72 60 66 82 96 22 93 30 83 28 81 27 76 61 71 95 47 89 13 16 9 65 7 86 1 23 70 55 54 15 80 68 48 38 49 35 17 21 29 98 43 37 52 90 67 6 12 42 73 45 79 41 46 20 92 84 14 4 44 87 51 57 34 77 19 2 56 50 18 32 31 74 75 99
31 84 1 59 37 57 17 54 56 67 48 22 34 47 12 85 24 68 9 16 36 14 8 5 90 62 74 64 2 98 46 23 19 72 41 39 29 35 91 49 51 69 21 27 92 30 7 18 87 28 83 6 10 26 40 42 58 78 73 66 79 97 70 81 44 93 11 43 33 88 65 61 55 75 95 15 50 80 3 13 60 77 45 53 94 99 38 82 76 52 4 71 25 89 86 63 20 96 32
47 8 58 22 99 32 10 2 3 9 28 16 79 19 29 43 78 51 56 95 76 88 63 35 77 38 34 96 52 11 66 49 73 20 15 93 55 64 44 94 81 68 41 59 23 97 57 69 17 82 13 86 24 33 71 7 90 37 42 26 70 61 65 72 85 21 36 67 48 98 83 27 12 84 31 25 89 18 60 74 14 80 5 4 40 53 1 30 91 39 54 87 62 6 75 46 45 50 92
4 75 98 72 49 17 85 92 30 2 3 28 56 39 32 10 79 35 44 90 20 43 97 86 48 7 23 45 99 18 88 73 9 5 26 46 68 62 13 59 91 58 60 78 57 47 1 36 94 70 74 77 71 80 12 50 89 51 15 37 21 16 95 63 84 38 24 61 53 27 22 81 6 83 41 69 31 93 67 40 33 19 96 82 52 76 8 42 14 29 11 54 64 55 65 66 25 34 87
49 66 74 71 44 61 79 53 1 25 82 67 8 52 88 32 85 65 80 31 81 30 90 89 9 21 28 73 27 97 43 96 10 18 86 68 46 19 41 3 34 50 62 83 6 92 91 11 29 55 14 57 47 94 37 40 36 7 17 60 48 99 15 75 26 87 77 13 59 54 24 98 58 45 5 23 84 56 22 35 20 33 38 72 76 63 69 4 51 95 12 2 39 70 64 42 93 78 16
34 94 82 48 29 69 4 93 88 28 97 57 25 66 31 16 80 62 55 32 17 56 74 73 45 87 98 91 10 49 53 30 1 8 79 92 67 40 43 86 44 11 59 39 5 20 21 61 50 77 78 26 23 7 83 65 38 24 81 64 90 22 37 85 63 13 54 41 47 3 2 33 36 70 89 95 46 68 9 96 6 76 42 51 58 72 19 99 27 71 14 15 12 84 18 60 35 52 75
66 16 79 96 73 77 26 84 89 91 70 7 13 57 97 86 60 90 99 85 42 50 76 43 49 29 9 54 23 4 41 65 95 27 48 44 53 55 74 18 52 36 14 40 37 80 56 92 67 38 72 20 51 19 5 58 24 47 63 61 3 62 22 1 81 28 10 21 6 31 33 93 25 35 39 87 59 98 46 82 78 88 30 69 15 64 75 32 2 94 17 11 83 71 8 34 68 45 12
77 28 16 36 35 45 42 1 71 50 20 53 46 54 8 44 90 5 78 2 70 31 14 4 21 75 97 80 94 22 29 91 67 47 17 32 40 59 92 38 23 33 81 64 93 19 68 30 95 10 43 3 15 86 51 6 72 65 74 89 9 69 83 48 7 61 18 27 52 84 11 34 99 39 76 55 24 73 96 37 49 87 63 88 82 62 56 66 26 79 57 60 98 25 13 58 12 85 41
57 65 37 35 48 99 80 69 14 75 40 83 29 56 92 78 31 19 97 72 54 53 24 42 41 81 45 98 73 55 90 4 86 39 88 22 11 58 70 34 13 26 46 52 74 21 8 2 51 43 30 9 49 84 28 59 12 1 82 33 38 47 5 62 77 10 94 23 61 91 15 79 85 95 96 32 93 7 89 87 44 67 27 16 71 17 64 76 66 3 6 20 68 63 60 36 18 25 50
93 60 68 20 4 49 65 89 6 86 58 98 48 45 40 59 2 25 87 21 44 18 13 28 27 54 90 31 85 69 74 78 38 95 70 7 61 17 23 62 43 63 33 12 82 91 88 42 19 32 99 34 57 37 55 9 92 72 30 56 52 8 76 47 66 16 1 73 3 15 64 96 29 22 36 83 67 26 39 50 97 11 53 10 24 46 84 81 5 14 79 94 35 77 71 75 41 80 51
13 69 44 37 59 80 94 77 87 78 45 49 19 81 93 97 42 34 4 63 10 58 75 56 84 65 96 60 64 72 48 54 88 53 6 86 30 12 67 33 62 28 95 25 29 55 71 21 36 57 27 17 8 24 23 2 41 9 83 46 5 92 91 32 47 31 15 99 18 79 16 7 1 38 85 14 22 40 50 68 74 26 51 61 70 3 73 39 35 89 66 90 11 20 76 98 82 43 52
82 18 12 53 30 66 64 27 73 45 85 54 68 93 58 70 28 71 89 81 86 95 3 96 55 80 14 23 11 46 4 34 36 50 7 52 16 75 60 17 9 8 87 65 62 94 97 59 37 31 26 72 74 77 19 61 47 42 88 43 15 29 10 2 79 67 41 39 24 33 49 90 21 92 38 56 44 22 40 83 48 98 76 32 57 6 35 5 78 20 84 69 51 99 1 25 13 63 91
41 56 49 13 60 33 96 74 80 22 57 3 82 69 77 68 25 38 63 92 71 59 11 26 97 53 31 29 51 44 98 19 52 54 95 8 84 89 20 45 70 1 75 42 67 78 55 27 32 81 64 18 62 58 16 93 85 50 21 12 72 24 7 10 90 2 34 30 40 99 87 73 91 46 14 94 86 79 61 39 15 23 6 43 17 65 9 47 88 83 35 66 4 48 36 37 76 28 5
85 93 89 82 97 10 71 75 74 48 5 86 52 78 83 88 95 18 37 58 29 65 57 8 44 67 20 6 26 76 79 32 35 2 64 72 96 38 15 13 56 98 80 54 28 11 69 41 40 59 51 21 73 91 84 43 33 17 22 9 30 94 50 66 70 62 87 53 63 77 68 24 90 25 3 61 39 47 92 31 46 45 49 42 55 12 27 7 34 23 1 4 60 19 81 16 99 36 14
42 97 36 81 79 84 57 44 48 83 88 25 61 10 24 64 87 41 22 8 34 32 45 66 26 58 16 90 4 19 80 3 60 38 43 51 63 29 50 95 31 9 69 14 33 18 75 35 82 6 39 59 78 11 62 74 73 77 40 30 12 5 49 67 20 53 17 91 46 47 27 15 96 55 86 1 21 13 93 72 70 99 92 89 37 71 52 56 85 76 94 23 65 2 68 28 54 7 98
7 13 2 66 77 74 67 17 52 68 22 21 42 20 16 79 38 99 58 61 49 40 32 23 80 71 26 72 15 1 84 95 41 10 9 60 19 44 45 36 65 59 34 53 69 62 37 94 85 90 87 39 93 89 30 18 96 81 4 76 51 46 82 33 29 73 88 64 5 28 75 63 92 8 24 43 14 83 78 48 55 91 11 50 27 35 98 57 12 56 31 47 6 97 3 70 86 54 25
19 77 84 56 39 76 74 3 27 80 78 4 12 2 30 89 54 14 94 87 91 28 22 63 42 46 68 36 37 16 26 1 49 57 11 33 86 25 72 29 66 48 6 31 88 15 81 38 52 71 93 53 20 99 69 82 95 61 55 70 58 23 40 21 10 79 50 97 96 83 60 13 43 47 92 65 18 5 24 7 9 35 75 41 67 45 34 51 73 98 62 8 17 85 44 32 59 90 64
92 95 42 12 84 1 91 55 39 65 31 17 49 48 99 2 34 44 25 47 67 89 29 52 64 77 87 27 61 60 96 59 72 75 68 6 80 78 35 79 85 43 45 90 76 26 83 23 70 40 3 28 38 98 36 20 19 73 50 93 63 33 14 56 74 88 62 54 81 22 8 69 7 30 97 24 10 94 51 21 16 86 32 71 13 37 46 41 18 53 5 57 66 82 58 9 11 4 15
80 63 97 55 12 13 25 47 59 26 21 46 51 44 33 90 94 75 42 88 99 17 70 3 58 85 81 76 77 56 71 15 62 37 84 5 39 4 16 89 93 30 18 34 32 69 67 52 65 78 22 54 87 64 20 14 57 92 10 1 83 86 24 68 31 91 19 36 7 8 95 6 60 43 23 41 29 2 79 27 38 66 9 40 45 28 49 48 61 73 96 72 74 50 98 35 53 11 82
23 90 88 40 85 20 83 39 92 69 53 18 1 61 60 36 11 73 57 44 79 70 50 25 35 51 41 26 75 32 77 22 58 4 78 87 81 7 48 84 63 27 68 28 8 33 43 5 2 76 16 45 14 62 49 72 94 19 31 24 71 56 12 42 21 17 96 29 38 93 67 59 66 52 74 6 54 95 15 30 34 37 91 99 9 55 10 3 97 86 64 80 82 13 89 65 98 47 46
84 80 95 10 17 31 16 97 82 54 96 76 93 49 59 77 99 83 39 98 35 24 26 57 46 61 79 58 69 20 65 55 32 60 67 74 78 30 28 4 1 3 47 38 50 42 53 6 66 68 91 11 45 71 34 22 29 94 44 18 2 88 73 41 43 63 75 70 15 92 51 5 48 72 37 36 7 52 23 14 8 25 85 27 21 89 33 9 62 87 86 40 81 12 19 13 90 64 56
12 88 63 50 75 4 84 72 5 73 83 8 23 26 44 20 81 57 91 3 39 1 98 47 60 43 27 77 80 2 32 40 6 13 93 36 76 52 89 24 14 86 56 74 25 54 11 10 38 16 70 41 85 82 66 51 45 30 78 28 59 18 64 90 33 15 48 49 62 53 69 42 17 37 29 99 9 58 97 95 61 22 67 46 92 79 94 55 31 65 21 68 87 34 96 71 7 19 35
2 67 39 26 45 60 90 76 46 36 95 97 71 29 5 96 82 6 92 43 37 20 44 62 75 3 17 34 18 68 14 86 42 93 51 88 7 1 77 99 49 25 40 56 84 50 59 79 33 23 85 35 81 4 91 11 78 69 54 22 53 41 30 98 57 65 74 94 83 73 66 48 28 16 21 8 58 63 72 61 10 89 70 24 32 38 80 27 64 9 87 55 31 47 12 19 52 15 13
98 76 31 15 25 92 32 85 19 44 54 59 11 51 34 84 22 17 69 56 28 73 9 81 63 26 49 62 42 13 37 74 93 79 89 83 14 3 6 60 82 99 23 35 24 86 2 16 39 46 96 97 88 68 70 4 40 71 47 65 33 1 27 94 45 64 53 10 12 58 48 87 67 80 57 52 72 20 18 8 91 38 50 21 61 29 36 75 7 90 77 41 5 78 55 30 95 66 43
78 22 87 76 53 63 15 35 37 74 62 43 94 96 84 9 71 81 29 25 60 38 67 19 11 20 3 75 97 12 27 41 7 69 73 21 42 61 85 14 26 52 77 46 17 45 39 98 64 4 57 66 44 56 58 54 1 13 2 10 49 40 8 51 88 99 86 31 28 32 23 36 89 82 55 90 6 34 59 79 92 95 16 91 65 80 68 24 72 93 70 48 18 83 47 50 33 5 30
70 36 19 74 31 11 99 52 13 97 56 23 54 71 15 82 14 92 90 62 57 76 42 49 59 18 73 10 81 41 21 64 80 6 53 12 85 45 51 20 55 5 4 44 2 17 47 43 25 9 28 63 98 30 79 26 37 32 68 94 75 65 1 8 61 72 60 35 27 78 93 66 88 33 50 39 40 38 91 24 22 3 84 77 46 83 29 67 87 96 7 16 89 95 34 69 48 58 86
18 58 92 54 62 75 52 10 15 49 7 64 21 28 85 1 77 61 68 86 97 69 41 53 99 98 13 2 17 66 12 43 33 34 3 29 20 47 8 11 32 70 16 94 60 84 22 57 9 27 6 44 95 83 35 25 63 82 45 79 37 71 46 50 56 55 51 59 36 90 5 72 23 42 67 78 65 87 26 73 4 96 14 19 48 24 31 88 40 38 74 81 76 93 80 89 91 30 39
56 5 46 18 10 81 58 9 69 35 84 47 33 34 38 80 3 28 13 20 27 87 6 7 82 68 37 93 39 15 52 98 64 26 50 23 74 16 29 75 83 62 63 79 78 22 31 19 1 11 36 60 90 92 67 30 54 57 32 88 17 59 72 43 86 49 25 85 71 44 76 89 4 12 48 21 73 99 55 53 94 41 8 96 66 70 45 61 42 77 51 14 91 40 24 97 2 95 65
30 27 56 67 15 50 33 65 51 64 80 20 57 55 42 48 26 89 62 7 90 2 54 31 40 59 36 5 93 63 78 6 71 49 91 10 70 18 17 16 3 73 44 82 52 34 92 13 69 14 68 88 12 46 95 79 87 97 75 35 1 74 98 19 25 66 83 84 41 11 9 60 53 76 43 4 94 29 85 23 47 39 86 8 81 77 24 37 22 58 61 32 96 21 72 99 28 38 45
36 92 15 78 81 73 98 45 97 99 51 68 87 72 82 65 64 20 11 22 12 75 39 85 1 6 91 55 8 10 40 94 18 29 49 89 47 32 76 69 71 90 28 19 46 57 48 54 30 96 95 93 52 25 59 38 21 34 26 2 44 4 43 7 17 42 56 63 16 70 37 62 41 27 84 60 88 14 5 67 50 13 23 66 31 33 3 53 9 61 58 77 86 24 83 79 80 35 74
35 30 99 28 23 39 81 36 64 87 11 75 4 43 73 54 37 70 83 42 2 5 79 60 95 31 25 12 98 82 33 88 85 46 56 67 62 92 96 15 45 20 72 7 80 44 14 84 71 21 24 47 76 69 61 90 9 18 13 50 29 6 52 40 8 59 58 26 93 68 19 10 65 86 17 57 51 97 38 94 32 49 34 78 74 1 16 77 63 22 48 27 55 91 66 41 89 53 3
97 39 10 88 27 14 41 16 93 12 99 60 90 74 96 98 57 53 51 65 5 67 73 29 78 34 33 22 6 47 75 52 23 82 40 54 58 24 49 21 76 42 91 43 4 25 79 26 56 89 9 1 92 44 3 66 17 31 46 62 64 72 80 37 13 45 71 2 70 61 55 11 69 36 28 84 48 77 68 59 35 7 83 95 8 19 15 20 86 32 85 50 63 30 87 81 38 18 94
5 15 24 41 91 97 78 25 95 7 87 65 18 35 70 27 69 50 88 48 14 71 55 37 76 19 1 86 9 51 44 47 21 84 20 17 38 53 42 80 46 75 67 57 85 99 3 81 63 26 29 49 83 23 13 64 61 4 98 96 36 52 32 58 28 8 93 16 77 59 56 30 73 11 33 92 34 45 62 10 12 54 79 39 43 2 22 6 60 31 40 74 94 90 82 72 66 68 89
83 4 34 57 69 67 8 15 16 42 9 61 98 86 75 30 29 31 49 97 74 19 52 38 87 22 24 68 20 92 70 11 84 81 66 43 94 54 33 63 40 88 36 2 72 32 89 51 53 56 62 10 35 96 78 99 26 14 80 47 55 37 44 60 27 39 13 90 95 5 21 1 18 64 58 73 76 25 17 46 79 50 82 3 93 23 28 71 45 12 41 7 85 59 77 91 65 6 48
26 48 5 98 80 82 76 66 31 94 75 30 72 25 45 69 36 10 47 83 96 13 99 97 65 41 15 88 91 6 89 90 70 68 52 3 21 49 93 40 92 46 9 73 27 12 24 1 84 85 71 43 63 38 87 57 4 29 58 17 14 55 74 18 35 37 59 51 32 60 50 20 11 34 42 16 62 28 33 64 54 44 95 2 77 7 39 79 19 8 67 53 22 56 23 61 81 86 78
