100
4
1332
4
9583
3
616
10
1029384756
100
3276655444733322233324337746527565326622477726764365373534232373754223546276535655745237666366225234
2
01
94
2004333220500451403316603643062544105054505022033430335333036256335065240660336152630336430112
99
666264533263644434432652226656233425563344433235656555364654534543553355335623426423264426356566366
7
9000555
98
67898977788868687896678767787698777987998799887968897878887768679879679998878989669666679967767878
90
736776722716776277562431315471453511551574317156725557666543277244661734217742114426657325
93
112432443402334310224140344233430432403443404001114113231011133112003130400342304412312214243
100
0123456789012345678901234567890123456789012345678901234567890123456789012345678901234567890123456789
90
302143410001314442133210043122142344321132144041240040311012322341142240003013403000041244
95
02231420111334100034441341413324111110330300443001434410120313231033314122132010333040144421011
95
11247416287537465842177456315774828167381847152753283276266217566252341827285813338468414733638
97
8826764516451862128327476858358344531772238564778382618853227841618425127727658124888573418344751
97
3222323222323322322332332233322232333232232233233333332222233323222232233333332332322322222223232
98
88666668676686687877676866766876866767788687787678787886686886886768778866778788887687776667868887
100
4578723159931792393816427517769952169413149156887584273843632592187513392285483668654118578981898868
95
97608415283542359366891448123549577591995043507881749859699711407775425552861619584024967594294
99
423343424332244433333433422324243343242342344242343443334333432222224342424223223423243232422323443
99
375031635845284787130664042468360341848536432861272882066810205807507427827820868068241044244346570
98
77777766766767766766767767777777767677777666767776777677667676676776767677677777666667767767776666
98
66053115161042354542446301123652213625241255431625342006211142343141165050205640225056632451355335
93
110221110112100212212020000222022212110210200022222200221112020102211122000121011101011020100
96
321420411100313400431010400020320041240331101442411041212203103304212102023240321132334134001343
98
87457354367366643533536833755573476647388337735333483384484678473347687674358886668588757574445688
98
51763708418790497359250045336006444532578575314607620603156021270688687766357159341974061229977571
97
7272435362666475976738796596774527943347363386472887954686579493677544243535522845382874982473794
94
5555554544544455544555454555455554554455455455455455545544455455455444445544455445444555545544
93
666356336655555363665536545635444453363545353666346464464653665464343533346464646335534664563
94
3346554562665234446554632662642544436562335524463553442222563422452434422355354633562553265323
100
1040105123663101106455424441414330631202040626600244340113241416161045066143303565045364440320030254
100
4433233332434334234324422333234422334233222222443333333344223322224334424432422332443244334233343322
2
00
100
3342243332322244323224422324234324422224424344334232233342223244432442322432424344233343233432224422
96
161674126132772899629294669554325732146449728858992971139612927745163988282458538952873124158558
92
16108741248453780811362421524660208006353708846755676224443307558458112484520048835643283673
90
110101000001110101000100001010011001010110000001110001101000011011111111111011001111001100
90
767678867666766886767687687667686787886867788866678786886688876688787667888886667866767678
3
110
95
56445645665575656557667444754474477747666455456746764555554444457664477466755446574754656657657
94
6785856855476855585685654566576545674544545644468465585878884647668758864456586446568484465476
97
9596679797997766858658769996666769678789957899979588676867778567575889778767569888568756895987865
92
03304011440101041432044140201121232240103310444212303203223410203444204014143403400122014024
91
3333333223322333233322322323222322332222332322222322333233332332322233332222222333323233222
95
76777667767766767777767767666676676667677666666767667677777676667667676666677766767666677667777
96
201121031233112323013030113033213111232332030320022032022333302110223031332313113302131010031230
91
2464442464643332625523432443363644563622545342265526422562344433544252555422642554244665524
92
54667436363555756456534677444676334335576563574775454755767775645366677473556646376434436633
98
66676668676876787778668678876888867887678686667776888768768668877688786666876767868678788878867777
91
4545545477765464775564666764556464657466455566766644746467677465757746754757644645655454656
92
14442240405555403332443513554202254123134225515034530445343045002421544242510535543154251014
100
5863338297357252115712383253772278679149426488217727787823552511915879736153896687315741686565662793
91
2244524434323344243255421142442241531122423215341345314424255541243442552535211521142233455
95
87787787877887779788887889797798789999979789879877997898998777889997978999798887777897877789999
97
5756675713594891967182363327534542784842566828717417634317113587112672697881711534186116592572971
100
2121111112122112122212111111221122212121222212122112111211212122212122211222222221212122212222221121
98
41232123342132232211423223242432221121332134214312142112244412342431421312431423331314221113243133
100
9999999999999999999999999999999999999999999999999999999999999999999999999999999999999999999999999999
15
222229888888811
92
77866668666768878786667866777866668666877877886676887666767877668888886868868667678688777668
3
001
92
26645376050287307758800606334384465106481047418384313745007737110705638400103784022146381686
95
33323222232333222233322322323222323232333233333233333223333333332233233333222332223223222332332
91
3405331152430143021035323450202244152323304315354511103023543024045121415034045112424424152
100
0000000000111111111122222222223333333333444444444444444444443333333333222222222211111111110000000000
100
4929318142744371646731543497829722281799389686812159551528728321884931441134334917175811453844491714
90
777556567556777777555757577775757677777667556666667555576675675577766777676666565757777766
3
011
96
767676767776677776777776667677676766677766767677767666777676666766776666677666777667667677776667
97
6654553333646445634564653563355453635545434434365343633435535353535554365335444633656563445543636
98
66767666667676766666776666676777777667776666776766677766776667666666676767776677676676766666766777
91
1240310221424424442440101414300103031020311221123431213234302231124133020444201332040200304
93
140214430430254215051052404214220213031051502100225224544021212415415445014450210031400023002
96
978777867689867898976697877897778689968678677899969769796879789877886786679876768688869688797669
92
46446365444236343132343433411501210423212461035211324306112063503031561332166660025144103364
95
65765885575666776865588755877776786585566777756788858885777675567588868865875885585855867786588
96
157544266216114155461115661273452773434175526131453442372117434267641775225443321631457444535146
98
54362117377648183633748844386674183827853438516831676774677727851181881156577866556672146757762782
94
2233322223332222223333223332333333223332232233232232323332332222223322322323222233233222222222
99
224744445523712414674555447516254443423563232376173532424573413566423334722565564314377273515166455
90
805260271210240655275350851532232732071706805483068450228838228776677021825166032511316131
96
468837687465584536845735473588454366876835583868466886867477438684435456464867483345664876586377
5
19091
98
23213111331321101013323313210121101233311023023022201300013111030220220113320331001001300133100113
100
0000000000000000000000000000000000000000000000000000000000000000000000000000000000000000000000000000
3
211
95
77997978878989977999878898978777978987979878798798999999789978888987889977977997979999989988879
94
2484758347228575544842864433858252877363843486446866487776863456675862353445568888566536748335
98
24133443441133331133341144334142333412213224211424132224214212221332223443433142322434423232243234
2
10
100
9213964397915471475299523143555131378321132357361696819186684196889485934651526628541417949493731546
98
68587987956877656956879587667778595597856577556969768969757759855887787655865798757897798799858696
94
8899859588844948786966845484598497586986586944699596757488794649749598578557497877654686756675
96
111222221434332241232441134442241222313124344423212231333133114313343424423133413412142244134122
98
77777776777766767677676666776777666767676667677767666767776777666666777777676676667776766676777666
3
112
100
0987654321098765432109876543210987654321098765432109876543210987654321098765432109876543210987654321
