121094097 1000 5134
3186 9387 9357
40380 8307 4889
136176 2470 2461
173369 9546 4045
272984 5417 3631
397082 6429 6135
434275 7561 121
557042 6892 1681
594246 6194 1032
631818 311 51
669022 3958 339
746343 7365 7337
783536 6560 1330
845363 8374 8334
882965 6098 6054
920159 575 344
957352 5447 534
1079269 6693 6371
1204803 7444 7348
1241996 5688 1328
1359659 6748 6640
1397361 9407 9238
1434555 8061 4695
1509126 7105 6977
1550376 6133 6021
1587570 9059 5512
1624781 7970 4443
1729083 8541 5661
1792095 5833 5723
1829786 7143 6994
1866979 5964 132
1912625 7672 1909
1994119 8502 8177
2031312 1716 60
2085455 5273 4827
2122648 4360 530
2198644 8578 6779
2235838 8579 3226
2273050 6899 2262
2384650 5918 5787
2422410 2260 2206
2459608 8563 7107
2528145 8567 8337
2565736 5247 5093
2602933 5001 3929
2640126 4514 94
2711615 6527 5638
2818376 7959 7718
2855569 3502 869
2973697 9558 9258
3010890 9523 3384
3059982 8528 8254
3097175 7659 1806
3167352 5515 5337
3204564 6421 5894
3334900 5754 5541
3373676 2603 2505
3411547 4090 3930
3449001 2399 2296
3487769 6243 5971
3533733 7440 7115
3573997 8203 7842
3611541 8923 8505
3648743 2843 2450
3685938 9043 5051
3723134 9769 3158
3809583 3651 2008
3846777 9943 1019
3919901 2923 2785
3958692 2404 2289
3995885 2257 369
4053239 9971 9463
4090432 5173 1379
4127641 8012 1675
4191773 9302 8828
4229622 6879 6518
4266815 7418 3257
4346903 9537 9024
4423928 2220 2168
4461148 1746 1644
4498391 8395 7742
4589199 3634 3420
4635543 6085 5726
4674188 6551 6160
4717249 5413 5089
4754442 7674 2611
4791637 8660 655
4832613 8466 3679
4966588 9493 8916
5003781 6299 36
5048332 6348 4617
5085531 7298 4333
5144719 6418 6018
5181947 6994 6366
5219142 7207 4509
5305042 3343 3133
5342503 5697 5318
5380185 3515 3274
5422838 6924 6448
5461156 4897 4556
5498351 8424 5040
5620101 7515 6403
5657295 9408 4088
5747473 5329 4953
5784668 9665 5839
5871117 4155 3845
5910426 6473 5987
5947619 6961 2595
5984832 9759 3192
6101026 4705 4341
6138222 3076 2160
6175416 7227 1675
6271672 6363 5870
6308865 4772 967
6365380 4781 4427
6402849 9505 8767
6442408 9761 8999
6479989 7094 6522
6517479 9586 8781
6555055 9240 8440
6592248 5925 79
6631737 8207 7464
6670428 6886 6258
6707621 5655 1199
6745883 8854 1869
6822022 7321 2488
6859219 5816 822
6943291 3492 3163
6981068 7631 6899
7018261 8710 3442
7093813 6046 5448
7131298 8689 7800
7168497 8874 6827
7205690 7215 187
7312174 9595 8589
7349586 4781 4258
7387400 8802 7825
7424808 8433 7458
7462107 6659 5827
7513662 1505 1329
7550868 3193 2605
7588090 6523 5111
7625283 8627 68
7689913 8151 2374
7781872 7527 6645
7819065 5850 455
7859912 7037 6205
7899463 8453 7450
7937158 4907 4315
7974352 6650 2925
8035275 6053 3332
8159452 7163 6293
8196645 4290 234
8275927 8174 7181
8313532 912 799
8362928 7146 6260
8400122 9148 4892
8446943 4835 4196
8484526 9368 8106
8521871 4780 4105
8559065 9694 3761
8639014 5220 4464
8771248 9930 9109
8808444 4582 3225
8877442 8588 8507
8914641 4517 3858
9013830 9631 9360
9051026 2644 1946
9097499 7815 7104
9134692 7325 102
9261063 6732 5747
9298280 6347 5166
9421245 9754 8312
9466044 4639 4015
9503237 8980 3072
9628755 4435 3870
9665948 9410 456
9737655 9389 6674
9823819 7824 6658
9893903 6033 6018
9931098 6504 4581
10018063 2914 2732
10055257 4363 2051
10168337 9360 9051
10205530 7419 3019
10277601 9953 5033
10314795 885 94
10419300 1082 471
10457035 9078 6041
10592666 2208 1878
10630906 9514 8083
10668099 7574 2409
10752460 2115 2064
10789653 8607 869
10830748 898 875
10867941 8325 2279
10955316 3924 3356
10992677 9877 8389
11030142 6474 5475
11068416 6268 5295
11105881 8767 7374
11144284 2398 2015
11181810 6773 5671
11219003 8368 2463
11353261 2680 2243
11391194 6125 5118
11428854 7962 6636
11466560 8618 7166
11503913 9102 7512
11541108 6206 3408
11578306 7198 2908
11676169 9471 3975
11799020 1728 860
11868598 6823 5142
11938476 9710 7964
11975670 8542 2770
12012871 8569 1894
12145651 4245 3468
12182846 7911 4053
12318819 9835 8631
12356012 6910 64
12465063 7500 6109
12502449 6873 5563
12539642 8969 2452
12651930 4824 3098
12755409 6008 4859
12792604 1657 918
12838531 7166 5731
12876505 8500 6787
12913698 7348 1808
13004445 8032 6409
13043559 6881 5487
13081249 7532 5991
13118459 6964 5168
13155655 5680 2856
13192849 8879 947
13273693 9446 1781
13345573 6659 5277
13407760 7785 6169
13444972 8279 6154
13573800 8497 6732
13610997 5067 3020
13648190 5441 437
13700395 5174 4056
13737588 3632 184
13853742 8682 6796
13890938 3840 2155
13991092 8683 6778
14028473 7985 6191
14065668 9109 4556
14106766 6916 6016
14143960 9197 4129
14190664 9894 9424
14227862 8367 6666
14265096 8012 6196
14302544 7777 5984
14339737 6779 145
14435151 5834 3056
14556760 3915 3563
14641373 2382 2296
14678566 5882 1110
14774068 7002 3597
14872533 3765 2896
14910520 7584 5824
14947713 7895 1599
15038486 8497 6517
15076338 7065 5408
15117637 6406 4902
15157510 9160 7006
15194973 9245 7037
15233035 8334 6334
15270232 1967 1161
15384546 8857 6720
15424117 7348 5572
15483430 7060 6054
15520652 6120 5046
15557858 6543 4947
15595052 5097 1438
15676045 8559 6437
15713238 969 84
15794390 8901 8672
15831586 4275 3209
15870634 7163 5373
15912044 9443 7081
15949240 2606 1335
16046540 7206 5393
16083985 7392 5503
16121200 9350 6567
16250404 3714 2654
16320998 6074 5229
16423863 6275 5448
16461063 4903 3650
16498256 9399 731
16546863 4586 3495
16584110 4899 3646
16621407 9191 6753
16658602 7942 3702
16695798 7482 1814
16735949 8097 6019
16776673 8127 6039
16814034 5285 3896
16851229 6340 2727
16934116 8356 6156
16973524 8482 6245
17010896 9737 7115
17048281 6362 4616
17088233 9323 6761
17126051 8314 6016
17164718 7312 5286
17201912 7134 2497
17281139 8924 6444
17318580 3008 2160
17355775 6273 2929
17392973 5780 1811
17482596 9565 6845
17519883 9546 6731
17624216 9095 6466
17758474 6735 5727
17795672 6475 4568
17832865 7619 782
17897528 9174 2020
17939091 8374 5873
17976285 7172 2029
18077901 7117 4963
18115096 8970 3401
18152328 6587 2336
18202291 5772 4022
18240079 9437 6560
18277274 3831 1582
18376327 8911 7710
18445723 8025 6957
18482920 3824 2656
18522292 6816 4731
18559855 3422 2366
18668611 8254 8174
18705806 5039 3473
18743677 6181 4251
18781131 7103 4858
18819163 8541 6384
18902893 4834 3717
18940096 2549 1730
18986101 5650 3834
19051489 8573 8130
19088683 2443 1379
19199940 9026 6113
19237136 4348 1997
19291561 9162 5945
19329332 7313 4951
19372339 3964 2683
19409914 4583 3090
19447113 5869 3170
19484313 5068 2168
19521508 8695 1535
19614257 9265 3540
19651452 5242 458
19767126 5304 1960
19808189 7812 5258
19845980 6056 4066
19884928 9846 6605
19922121 6369 307
20004473 6601 964
20055536 7297 4503
20188754 5740 3841
20229811 8786 5877
20340188 4401 3166
20377399 7441 4975
20414749 6221 4120
20452182 7494 4932
20493688 7334 4825
20530883 5301 1873
20604943 9412 7199
20642136 5165 532
20684885 9409 8793
20722078 1836 552
20759279 8599 1658
20799085 8943 5842
20836479 7140 4629
20873674 8269 3155
20962037 5721 2635
21071606 7343 4718
21108800 9492 2694
21145996 8394 525
21280456 4176 2641
21317650 9298 2498
21433472 4403 2493
21499675 8993 5656
21536872 4761 2175
21644144 8360 5253
21705545 4459 4171
21742754 7731 6788
21779949 7522 4715
21817908 7859 4916
21855102 6393 1602
21892298 2750 68
21950335 9159 7985
21987528 2824 837
22024737 9247 2222
22061974 6029 1315
22101391 9404 8921
22138584 8613 1620
22249486 4838 3020
22287114 4970 3091
22324310 8620 3439
22434604 8373 5198
22511195 2927 2606
22563061 8387 7643
22600254 8759 644
22708920 7530 4665
22746778 3995 2469
22783982 8532 4577
22821177 7510 1827
22886250 7056 4342
22975916 9658 9290
23013109 6116 965
23097134 8425 5181
23134327 5718 35
23175001 1972 1208
23212620 6114 3731
23272389 4495 4124
23309583 8850 4926
23346776 8602 177
23457189 3845 2344
23552928 5408 4241
23590125 7083 4307
23630573 8676 5273
23757867 4287 3686
23882105 5989 5204
23919299 9549 4167
23989889 8732 7923
24027084 6569 3967
24064281 6474 2799
24182454 5093 3075
24219807 5042 3013
24257186 4569 2706
24346398 7251 4752
24449522 6891 6197
24486716 8609 3764
24572796 2972 1877
24692760 9682 8954
24729954 9709 5736
24770311 2940 1736
24807874 5958 3502
24845067 9212 684
24945405 6481 2657
25054800 7526 4408
25137729 6586 4700
25174922 9751 743
25268555 2345 1372
25305749 7269 704
25416048 3641 371
25493183 4002 2346
25530380 3435 1336
25642237 6693 3911
25679438 8920 4287
25792565 7495 4310
25829761 1639 595
25924089 9320 5351
25977400 1528 1099
26014598 5061 2905
26052839 8399 4813
26090042 3848 1876
26127236 8232 211
26194554 8776 8722
26231747 2624 438
26337837 8873 3294
26442309 9456 7724
26553936 9989 9111
26591130 2940 1682
26723031 9399 8614
26760230 4499 3500
26797426 5888 3359
26834874 7464 4229
26872070 9850 3526
26953908 2638 1369
27065862 741 419
27104156 9381 5296
27141545 3850 2154
27178739 5074 827
27253594 5747 4778
27290788 5628 2301
27368223 6463 4450
27405420 5935 3077
27541365 4644 2446
27645988 1778 993
27771338 3667 2306
27808543 6990 3893
27845737 7837 526
27892314 3642 2006
27929992 9850 9078
27967185 8610 1227
28035286 8953 3251
28118419 3996 2325
28155642 3600 1980
28192836 8724 1411
28318242 8942 4910
28356553 9896 5425
28394283 8286 4527
28473922 9748 6660
28601471 8589 7914
28638665 1270 693
28675859 7251 1160
28745961 9814 5340
28805303 9218 7900
28842496 5374 735
28951726 3134 1705
28988923 4430 1575
29066545 4339 1837
29103745 8029 2472
29231630 9302 5044
29268980 9641 5167
29309092 8905 8051
29346291 6247 4846
29383487 5095 2727
29420681 6412 755
29553249 6929 4982
29590444 4180 1665
29627641 5383 1162
29664839 9699 547
29730122 7914 1331
29852917 9599 6532
29890115 9922 5306
29927310 6147 1356
30053012 9449 5041
30090386 6208 3278
30127579 5644 2
30228986 8057 4239
30266181 5183 1226
30303379 9954 714
30374498 9316 8317
30411691 7677 63
30501287 5730 2984
30540392 6199 3225
30577628 4838 2407
30614826 9478 3246
30683903 9146 8010
30721097 2407 1247
30843555 9264 6351
30880752 3777 1945
30917950 5417 2011
31021183 8270 6090
31058379 2454 1256
31161210 9338 8968
31198408 5893 4769
31235603 7220 3667
31286171 6266 3182
31324164 7608 3854
31361358 9402 1627
31398585 7759 1127
31522037 5552 2808
31559231 4668 278
31603866 5421 1500
31695668 2211 1116
31787198 3753 2749
31824394 4429 2226
31861594 8608 3346
31918652 6306 4403
31955848 6869 3422
31993042 8180 170
32091623 6638 3289
32217314 5541 2928
32254536 5030 2492
32291731 6129 1279
32397402 7626 3758
32462082 9162 7311
32499275 9151 2053
32578290 9124 4495
32615492 5641 2230
32665864 9309 8418
32703058 9574 4514
32740254 7594 1998
32821292 5406 2380
32865161 8713 6401
32902356 9174 4437
32939914 8334 4008
32977500 6315 3021
33073253 7280 5991
33124060 8537 7164
33161254 9453 4487
33198723 7566 3564
33236383 9411 4413
33274345 7335 3430
33311539 8910 158
33428899 5762 2685
33516915 8789 5667
33608326 6945 4506
33645521 7308 2322
33682722 3160 669
33788925 2867 2551
33826118 1890 715
33912804 2507 1992
34033668 6237 5217
34070864 6108 3845
34108062 7135 3324
34145694 9176 4254
34264035 3323 3087
34301229 6751 3116
34424266 2226 1747
34461459 6992 850
34522039 3510 737
34588679 7677 2395
34652669 9514 4383
34689895 7636 3299
34776151 6041 4603
34813345 9388 3607
34894023 3304 3071
34931230 5785 5002
35063988 3393 2946
35101181 9435 493
35210777 9889 4545
35247971 6373 498
35287704 6277 2876
35326593 6178 2827
35402454 2554 2158
35439648 9098 4019
35497618 6271 4381
35534813 4665 2039
35572008 8313 1197
35698236 3651 1593
35735655 7837 3385
35772849 1304 56
35891367 4956 2630
35928560 9754 252
35999645 9898 8507
36036839 5973 2555
36074972 8001 3414
36112282 4019 1681
36149479 5875 1398
36186690 1828 342
36223888 8687 326
36353132 3585 1494
36390327 9066 980
36487942 9968 4148
36525501 4712 1948
36577097 9842 6883
36614313 2792 1840
36651563 2880 1849
36688757 8941 2487
36770851 9675 3979
36904697 6584 6023
36941897 9935 7945
37017827 5659 4547
37055030 4951 3534
37092225 9051 3712
37130198 7443 3043
37167998 9504 3870
37205484 6783 2739
37243116 9638 3870
37281310 7440 2980
37319123 7648 3051
37356319 7437 1303
37403199 9390 3712
37440400 5101 1500
37567653 9765 3857
37633062 9667 7146
37670256 6762 2657
37708518 8972 3517
37745714 1722 322
37792890 5786 2257
37830240 6952 2668
37868132 8678 3318
37964370 3622 2992
38001564 5865 2225
38038763 7404 1818
38174914 5652 2135
38212110 5665 870
38295545 8274 2126
38417591 5025 3802
38454785 9933 3736
38491981 7043 1150
38594931 8405 2602
38722221 2678 1007
38761276 9686 3637
38798574 4813 1762
38835937 5645 2
38873576 6723 2407
38940781 8713 5628
38977976 8584 3006
39015277 7456 2543
39094503 1070 654
39131719 3618 2061
39168915 8217 2869
39233888 9895 6432
39271083 5660 1944
39308502 9818 3329
39347827 8414 2849
39477666 2860 1582
39514860 7834 1129
39552351 4261 2873
39589544 9818 489
39726441 4249 1434
39763719 6991 2279
39821767 7471 3553
39858966 4628 1553
39896378 2163 716
39933576 5666 978
39983063 8474 8247
40020256 6843 2251
40064861 7500 5621
40102055 5441 1788
40140435 9775 3204
40197879 6385 3336
40235076 3660 1192
40273052 6721 5451
40310246 6467 2104
40347441 9932 294
40447170 8707 2794
40484574 9001 2846
40522005 6798 2121
40560263 9416 2929
40600501 4824 1499
40638659 8647 2678
40748518 9663 7101
40835764 5787 5440
40872961 9269 6895
40910155 7923 2445
41018580 9356 6121
41069434 4450 4412
41106635 8147 7220
41143838 8881 7075
41181032 3760 1160
41218539 4680 1429
41256267 3193 969
41359640 5897 2716
41396838 8287 2497
41435667 6086 3434
41550263 8946 6465
41605961 4165 3115
41643155 4578 1367
41680350 7685 308
41777630 9385 1512
41833944 9804 2925
41883591 8888 2651
41965316 7650 4516
42015658 2462 1595
42052859 4130 2226
42137703 9030 8634
42174904 6325 5370
42212097 3824 1122
42249747 5257 1531
42286943 8559 745
42391301 5080 3805
42428495 7142 2079
42503125 4559 3912
42540318 5403 706
42653116 9671 2770
42691262 8007 2285
42778240 8565 5889
42815434 6494 1809
42853195 5791 1603
42953198 4817 3798
42990391 9778 2702
43039345 8457 3298
43076541 4681 669
43173713 9612 2656
43211796 9117 2509
43250418 6918 1899
43339157 9606 6962
43376350 8100 747
43498891 9851 6437
43536085 5957 1677
43573395 8755 2391
43696362 8058 2450
43733583 5244 1419
43785647 5296 3683
43822841 3097 832
43933005 9477 4029
43970203 9370 2482
44049070 8128 3727
44086267 5873 1550
44174333 9109 6763
44211527 3576 902
44338964 9527 7193
44376157 5788 1452
44456075 8578 5785
44493269 6981 1740
44531747 3433 853
44569122 6230 1514
44606649 6853 1645
44655850 8489 2037
44694646 3305 791
44766780 1334 886
44803974 5081 1213
44841398 3067 719
44879052 9334 2168
44939674 7665 3913
44976869 8294 1924
45023485 6587 2087
45060688 6919 1600
45098684 9965 2292
45233357 8653 6645
45270550 6328 1673
45307768 9012 2041
45345189 5979 1328
45414178 3510 1081
45522777 8591 4958
45559975 9313 3847
45692782 9630 7621
45729975 2528 557
45862128 9660 3156
45899329 8275 1793
45967842 3197 1595
46005037 9623 2034
46045910 4704 993
46083725 5098 1068
46204534 2484 1895
46241727 7314 1512
46328131 8931 5248
46365328 4833 1957
46456024 5835 4403
46493217 9808 2026
46562429 5023 2613
46599624 4249 863
46692998 4568 3189
46730192 6005 1202
46768432 5592 1114
46805633 4829 429
46851414 9532 1892
46969465 6623 6094
47006658 8681 1712
47122939 8438 6565
47233375 5065 4098
47270568 7909 1513
47307776 8123 1062
47378554 7061 1349
47415832 3453 620
47453042 9641 1217
47544363 7648 1367
47581817 5711 999
47619225 3664 624
47658641 3638 1196
47711117 4203 2975
47782639 7838 6426
47819832 5943 1035
47857030 6189 133
47965476 4574 800
48003820 3959 689
48121693 7774 3700
48193788 7439 6712
48230981 5237 1765
48268179 8356 1431
48359164 7539 3686
48396359 1080 183
48433820 5702 945
48471558 7175 1176
48606556 9169 8509
48643749 8641 1411
48681273 8753 1403
48718540 9214 1355
48755739 8827 182
48887389 4075 597
48925117 6409 927
48963484 6739 969
49045559 8615 5783
49082752 9692 1385
49177298 8205 7874
49214491 8257 1163
49252743 3874 542
49290201 8072 1099
49328327 9661 1305
49380627 8153 3196
49484169 1542 1192
49521362 9890 1269
49559157 1737 220
49603952 3419 630
49696557 8907 2605
49733754 9189 1137
49832764 9312 7701
49869957 5620 693
49907828 5770 703
49996264 9709 2658
50033462 6775 819
50094363 9949 7970
50131556 7175 863
50168990 7920 920
50206221 6489 589
50276275 7142 828
50345686 4933 837
50382896 5466 627
50476177 9201 1426
50514802 4550 702
50552018 8007 906
50662767 7714 4644
50699961 8496 950
50804115 9769 4995
50884039 4389 2802
50921232 5747 625
51005411 6660 3488
51042605 7135 724
51085876 5435 2070
51123078 5282 1518
51160276 2633 343
51213418 5051 4327
51250611 9730 970
51337213 7086 6797
51374406 6932 1650
51446746 9673 9577
51483946 9888 8555
51521139 7546 735
51580797 3618 2403
51690075 9356 6604
51793808 927 731
51831001 7054 679
51868632 8108 762
51907182 7121 664
51944991 9528 873
51989174 6351 581
52026547 6408 551
52140642 4031 1227
52177838 7865 671
52219805 7090 3915
52256999 4744 402
52357021 7833 6518
52394214 4863 1558
52431410 4955 415
52508779 7555 6770
52545972 3197 251
52676718 8224 1099
52713928 3440 269
52761201 3629 3170
52798394 7458 1175
52903067 8181 7126
52940261 7866 3771
52977455 4905 383
53014948 4347 325
53060426 8065 602
53101451 9962 741
53145416 4542 825
53197479 9959 2018
53326421 7367 2327
53399272 3461 3396
53436465 6174 1574
53473662 8019 573
53511331 9544 662
53609407 8282 5034
53646600 7533 522
53690694 4107 284
53728597 5565 377
53859966 7802 5003
53897161 3001 1069
53934356 9135 597
54037271 9415 3590
54074468 4361 828
54192985 3586 773
54320114 9810 3140
54357328 6299 1739
54394524 8825 570
54432787 1838 117
54493083 8062 835
54550642 4585 4317
54587835 3592 388
54671728 3669 1018
54708924 3251 201
54747031 4462 271
54820391 3122 1340
54857596 8937 3157
54975037 8422 4274
55012231 5405 292
55081645 9639 1551
55118846 4595 247
55196165 8817 2951
55233360 7963 417
55271314 9852 503
55308741 2136 100
55347412 2319 107
55461628 7495 4294
55498822 8011 1823
55536019 9630 365
55573463 6981 237
55623147 3794 572
55729320 6245 4215
55770437 7620 5200
55807630 7827 263
55930578 7269 1875
55967774 9491 307
56005288 8617 252
56044089 2201 63
56083044 3650 877
56120259 6222 1235
56229216 6370 2901
56266410 7663 198
56375400 8574 6827
56412597 8655 5353
56449790 5867 149
56487746 9050 218
56560858 5468 4732
56598051 8751 1958
56635247 9716 205
56672696 6855 118
56741781 1625 1523
56778974 8188 132
56906198 9841 4546
56943392 9083 145
57080261 8309 299
57190974 4694 4386
57228167 8633 126
57271043 6338 1548
57308369 4873 1154
57345565 5845 77
57383487 7793 92
57420823 3883 19

